a=[0.0, -0.030274982693558175;-0.3854258827314405, -0.1829468775950262;0.041005790017552, -0.04275824488017234;-0.06874877234334775, -0.059745202307467424;0.05124667389376114, -0.014815711360055083;-0.04161342114748168, 0.01556097686905276;-0.06796801891284066, 0.02704519623921021;0.14957828149710473, 0.018551268469181145;-0.045456031917328055, -0.012798771938414966;-0.0501483144594328, -0.06584602494035427;-0.32136167975552743, -0.11425470378868792;-0.04875768100454314, -0.09715253760408495;-0.11181413411000429, -0.012071065940134787;0.32992189604093447, 0.030004400843915695;-0.07087500827978932, -0.004282387305481764;-0.09173397148269924, -0.013716677820165921;0.23306287355170596, 0.02041975777128649;-0.009571588883756643, 0.03516241359400719;-0.06009873363382434, 0.03184622292418902;0.18348927713836005, 0.033447600927795626;0.17821099788313255, 0.032578892665237016;-0.05985491688624389, 0.028103662058336903;-0.036869065874907125, 0.028207156382400872;-0.07289368309226107, 0.0376321540022878;-0.08004986713034512, 0.05137071509090379;0.16140189070786626, 0.04647813881519545;0.16762514703960285, 0.025370943061760378;-0.0800375885031035, 0.03953604238352828;0.02960601229788029, 0.0826320350737217;0.061398521887436885, 0.051227912627542206;-0.08971078796515153, 0.008680185775071972;0.6584576345625193, 0.2924145116646378;0.029920788648998276, 0.03855480571289663;-0.06101012642304671, 0.09640527206618;0.1236554051922667, 0.110017232389293;0.10910116938896763, 0.07626461898661367;-0.07639300302453744, -0.02077112767604398;-0.0838850024257809, -0.09147588146771646;-0.22128274843231655, -0.09908907564665081;-0.04862932061978409, -0.02995121305193889;0.1338176256929824, 0.13951251327510036;0.7456640081022936, 0.3788002388792374;-0.06804174040397903, 0.06629396663708195;-0.05694603903559248, 0.031486871689291374;0.12035800365372218, 0.0880478916935391;-0.11780683951106763, -0.033309208216963815;0.9446619080512697, 0.5109668729996723;0.1600656679663448, 0.25165501606633833;-0.05147743136342475, 0.034418733709320054;0.35252438366549566, 0.17429745023642684;0.11461318051575908, 0.01130611563296166;-0.14216524216524196, -0.09847352478977747;1.0421658225850416, 0.8359937374636325;-1.2861876644893866, -0.9062007921489864;-0.07228529373187076, 0.06807100625141613;0.6172388070616774, 0.33797258862382257;0.20459995175868162, 0.08060025920946211;-0.057303370786516705, 0.20785958091608878;-0.02788889514902193, 0.1191251015178024;0.3373908628009614, 0.14678963343769733;0.015812908326746644, -0.06529782552381935;-0.16770616770616753, -0.11113243301273788;-0.32818505835488176, -0.12513209005855175;-0.040641741626523675, -0.023420220604833335;0.11904083841203228, 0.13376751938912096;0.1259802395040044, 0.14213075827085578;0.023069024208410838, 0.042296658012720145;0.7089767186995077, 0.35928877985122976;0.28658271819365755, 0.22596356037059026;0.0390625, 0.10378005034742094;-0.5319234158455521, -0.21960429971380652;0.25978657449318376, 0.20002193424749773;-0.04224608343601277, -0.003774614944563784;0.12646376378957047, 0.13462146633384733;-0.11272467402882791, -0.03421963340647669;-0.049088073767715734, -0.10499767210032973;-0.053558805937687914, -0.044994557510506135;-0.15565581255877703, -0.008751123003565352;-0.017858124072753778, 0.013455219846763521;0.1484923897650292, 0.1211954780765216;0.27241336954593187, 0.2385223280524868;-0.0172346470263518, 0.12608237074767614;0.818812748467086, 0.4288817165124138;-0.20972774231968971, -0.10611986186210697;-0.035586723012310806, 0.047774432747136934;-0.21861934283130546, -0.1322828295411509;0.052741078409286324, -0.07871055579990394;0.06264703549998529, 0.009665827816320976;0.28274417317751155, 0.09923122027093113;0.0077950423530603885, 0.15059185501222602;-0.024414950261031354, 0.11813593905239447;0.205960368232172, 0.04027148302670306;0.0, -0.03503490360809575;0.02548262548262681, -0.06778426478031534;-0.07969254103523227, -0.022243257470531297;0.04800681387035599, 0.059302394325956645;-0.022401029932410665, 0.12711264400853003;0.3304634737330536, 0.13832175621779882;-0.0076074553062022154, 0.08862611533007297;0.00684931506849118, 0.1079251549357711;0.11208743834556945, 0.28340993485641347;0.7847785245054162, 0.5947086605036707;0.2610985064485982, 0.32249552194094244;1.589039127154268, 1.2580019949187737;-0.2152422584904179, -0.07489880687690376;0.02220701876380904, -0.03298914601515829;0.1059825229666167, 0.2821080382721938;0.7364068960137304, 0.5279497283529256;-0.0006449047153278542, 0.14349187698923968;0.7102779628952849, 0.46529287239712425;-0.23313749506944426, -0.06858595415781832;0.12540040959932774, 0.22016408834321854;0.8266187951404858, 0.7025434428845696;0.36583410175199393, 0.4457399585030971;-0.05019833262793316, -0.15392695660756484;2.236782380454305, 1.9340903797307416;-2.344598672299336, -2.1519382453417086;0.10013371268863036, 0.06695039912501222;-2.0571199919971983, -1.7072449732346038;0.25222171426022566, 0.14333347852202;0.05175413482502833, 0.1568198229074739;-0.0975299014816211, -0.2560769866686732;-2.6671817228629746, -2.1344135758427916;-0.10952344565854366, -0.11986082506368312;1.1619628130922521, 0.9618882910498326;-0.2028343559767154, -0.08624019648472969;0.04010221173478712, 0.3188178431973162;0.2672198157525463, 0.15791777690661762;1.7661649608669494, 1.429095186745359;0.06107275624004149, 0.03760272722433977;-0.23827763070814134, -0.07355583718707895;-0.04862224235322676, -0.058908126776297226;0.04518497891870421, 0.04803604779606735;0.5127869456478029, 0.38731825448557156;0.07554917933183525, 0.058894528032620644;-0.04562786466248525, -0.22960704817628114;-0.5853315868995734, -0.28833566527740123;0.5130896867671231, 0.37120820399365784;-0.019788063021568547, -0.03668092994900098;0.11501557291951237, 0.09025619719657238;-0.09516878646350646, -0.019904786318711107;-0.08173086896093862, 0.20304617409648573;1.1514284304804923, 0.6678895298916679;0.3109299379088082, 0.3034245126917322;0.07586220887408235, 0.23280588390953372;0.6021232027007795, 0.5212720780349307;0.354825942447734, 0.24038518368678843;0.05956525214820818, 0.13843779446376936;-0.19449843821017554, -0.21224202956901503;0.5096855388904675, 0.2506700818558397;0.051994552951595274, 0.18033622669383642;-1.457714372554233, -1.1027005654913733;0.47127198666534476, 0.2708134140457028;-0.030297161405199446, 0.05978841188263495;0.06043815595585311, -0.039502813059259345;-0.014536211043398861, -0.04986489810931907;0.026455744135622794, 0.12201393731488382;0.2222530563324021, 0.23070949919174158;0.45207052414424354, 0.24478293675700769;-0.00015697326564367842, 0.09440033130964268;0.4141641808346197, 0.3261953021252746;-0.07302132134598738, 0.10930081845858784;-0.03627134434330159, -0.02274405527664336;1.3877725884267322, 0.9991879683840448;-0.010059562554902701, -0.00738367932559536;0.12084529722155235, 0.3228692614306969;0.7939089034610314, 0.49994535293329057;-0.4129923044431649, -0.24685952346161166;-0.004097215877378879, 0.016679625839222223;0.7020688995714464, 0.4769856906142974;-0.053523557110279896, 0.04034786687198111;0.05599210484164008, 0.2871393555007719;1.15074972499559, 0.7811812903238338;0.4085907894818419, 0.4608230923286377;0.02894626266398692, 0.052085663677196095;-0.24967676767676972, -0.18185038706648143;0.06710147574227499, 0.10046914821573857;0.0674817104293357, -0.15531053342513418;-1.9086627588901917, -1.4769492032791955;0.6061179548905304, 0.5833374780104026;-0.0063589569965105674, -0.039202975112975796;-0.21693202694427205, -0.14128564155739112;0.8198167360469233, 0.6612175318314959;0.0030203798244743396, 0.3000255637233231;0.2881986511142953, 0.20356049490999217;0.19317682950690251, 0.14790066636917232;-0.0063563721835846465, -0.08556236545559259;-2.638474335719967, -2.179132881153614;-2.5466111623286247, -2.2938657234601845;0.32466104091269266, 0.10590235674186299;1.6822430323760695, 1.478870246614228;1.3258332535749018, 1.4071338280387375;-0.10065960654696893, -0.0988637690355561;-1.3335309973045817, 